202120211020220100131231300032021430320414025523425424422240300344222412223011210033020010330221010
021121012103310000302022003111424302333524354353313224533545332331124040342032244001012211210110000
022001030123101320212240021032043211442241314232525232545253514554410303031233032302132102030110110
000122212111311231343001023324135513453313252535315451525342232422352312140144242001020030201031221
012121100112232043201124111423553311125454512432131222142333111214151530024414302100300103031330110
211031000100314241413302420213321133542534245545322235225413413245343243210004103403203031203013302
221110312032224011140010332414412123425555234332321435524541224253314424522014321044404102332220111
012200212132002212401420235123211514511124121564455263514451353153111153314140440003003042110110320
121201322312210412203045154122344454142355242364522365525424413521224231531533234230034244001321330
231312330241243441424151354211414415325533524366555444643325462324244342114155454241100231201300322
123222331211413030115131212134523226353235622542534446644252334324635332143243552123210231002212011
223120113422213312321221524241543666223222323455645233322644422322635221135125252222041341144013131
331021220032131424322531334322543325553554534623435623522255633346455264224113324444001330023102302
032222420134032144222141535256625446642525656253235552222456224225653262643212232132511441004101013
232324232003411525542224256426263632226226226455647374453224454663466246322423541553444344024131010
123001443040023524341331245324233425663654553377455756345466635343242645255643453411544431310131131
023303310222211141351141524244225533536335354535445447444634566255343233256642122344143344123113431
011421312340545424151314226363666235454647433746676336475443654443365552435664314111522542201300120
321321310234452535222326435346326564477654665355737734777777336764556332325663643213243542302201020
114130221235151342522455546542544765376535367676657644635443357457677652233422233245425454410413144
220200201454314445246354663326745736765543654464563446447367643637755532323452255642513154400033100
212044141514525341656463444237375433656654566556454664457447766567753336434663562525423334533110002
440443012111452515536235526376566535476565575845554547847337456736447475533526655341543131334103222
403103122532341315326444236335767673644488867486457576875787777364754647574245662244223333413034144
201123234323243442525264423377646343546687778846458454585647757467766344547366344642315323411141313
432040035244532534564526476334334335455748474458577745556857747466757356647325443264542132224414040
023404131211146433263525566646363447455686544875476477846667564785673636344352464642344144352221114
132233352545155565452455756556537658556674656855545557548686487486555474463577363425464153315243213
032241323254354422556253373365354776544564575584666887565685855574648556667447655436454445515541421
443215142153444655626443466776765755885577664998687756958575664878655633656747336345543612312531014
413124441311462345243375757673574665688566666569756775799675787755557446455564334525265522142223423
221411351224644343344574546457748855555468859658967788698865767576756765647655455325645665433213133
434354453323262535535753353645767864769765986986575957578878558545464674577436573334523525131252411
131534314523556652353764764665746758488589859589966778568875778754786876587643565525422544125335454
404243215136446636646545354777568487876957777799557887886889797687785456477477553744266665623525532
142551212146334625567467748787464856766657585589887677587965957679887445448645475346465255621534243
404121332343464254456457644786584685596858569799678868986887879855585886876553764675652363531514145
045113322354655656543573555877787876967689568986779697986556797596778477648754773646556245621321223
321253214243534374755365665584858888599556668799986667889869689767667884565653344747664625231413154
411523255344344233657576668556667595598676766668777898766787659687597455567775535757543563662153312
224532426343434663763358688664899558978579686978976669967779755696679645585486647347745332536241552
032122556664646537563554788765879777786698768779898896897867966587955865784656434463722532446241511
344424133544263654633374888786666596879777997898686999997899676878657797766868777675432334235511543
331515532634353677565748654884997755989677979688887876676987876677758878868584364376454562356431335
155544144452466756454365886686588576597798977697777997788998889995986565775677756746742525554153412
151125144234342365536375476467699685768887778889977888998669867697965897774666554673736426244522223
341212222635442573567765458858987789586687998899997798889686869755998898745554636656332665246651422
552123422323343666743767487549766968668977969789779989877869787769968997577558475363763445353622414
153342455236443657753368648768965858696688688898798787877797997866888665848644535765354363523553122
321235366253246575577685646488865868997777999898797789879769666787596797865456463665474656456341153
455412556666255544636386886875796956776966688989779798987977889867587986567848564467764534532553231
442522336555363733654554674585555955889789887998779879799896799779956885887876733437434433544444155
254143356223245556543685844567886885966779798978999787798986878998755567477554463655365424634211223
243251126542352573334484755678557575869969987878778798979986869795755577866747545534655466542224515
532432123262264456747577887459758898578898669797879779978669976767876957446445563435642334564515322
523331545623262554535568564475979785967898978887798897776666766985766598585654776335765663434543423
513443235625334535736668478558555798667998866877878877869988878999868654648476874334344225666514223
141134233546564546635466587445565965868967786978878996876689986655855698755488753774454664445321211
211231155523232436737346685458756687778787869799698889699866667765769784764868665566752435232415443
141551533623244474747446775564756575787978787898878988669696865685795646678466646657326426224422453
312225432453222453347468868867865875669597798767678796966866968775796785668545753347352563322432311
424453131544463565647573674485568669998678766899766779699776955666978744565875673763342232623544124
012153314425625263465634778656569685968978986967878798967979676695956488676856576567435346663144342
431221335332254236557546774877475967758885757697768886796699556598797455745653555667626566264435435
231532123435522637647574545844547759977779965578979698768695665868554456775837355364623466651514313
132325234253645355556453738478466667578579686967666768659588965996444486488643343456434656341155545
023114515365344452465556767446464666577886669886659897667567575968857878564373677643523562412212330
303451535343464346446556377686787747765658658896888989669666699948775847576655555453635626525313133
431223525322365264677334755465568765758689976665897986665975687468455886773336566425223652533332123
022154452234525245223637377457845485874766787855698898975665856876487855554543636524364654512113202
000314413451665545257477436543754688468486756877586975669554574645457576764443756635252523521153514
030123543413152266666564354477776787757665865795968586998465687556858746654656656456345411221141034
311432515534226554344267374756646588785558687888854788645856447447857734556655724533446222433354240
101000125233335323656653546754373856874687576857674685666745568876647775453754254432523414413113122
220312252251113222532242436766676365877748654478644868577668467874747375477333646623422321455421014
401032344432124224253333237763435777457584645867477745885488688875575356634356426222433433211230430
203404033312314565222245545573467553765664458567466884474676577757474657366254556426315313435100434
243301101252343123226264246745345444344687686568664466646854533756756757475365562556532155324333221
230232344124524455555642563546644357676357735686444784745377466773364333365324336324324422144321104
234323313142342122366465346244336753667373644544473437763337363455543633454332563553543123550343110
114024101431131441264565336645657643653433746754637745633435447574563353645224245434353215230134102
203220124403555525416333223333656443667474775643557645676356354453446446623253233422313415124442111
122223203243255555422625523636645345466555367657757667547654337645653346363325625153355533421210341
112304130130335152245435325324352454344374343356444775347443565663226536343452342552522421404202001
102002220300343315511131322264653624353366537577764736637376444665253544252521415142414534132120111
223312024421135225114321245626266453436323373633474456433743442324333356643643434443244304402323002
233204140044241535424343123423455462423436263644374656366425365366454225245435252544251133041442001
301121442212341042321314351322224264544644522452442252665332365566645566315541211515530323343302330
010011133344203235421321133424225263422453652634365533253334633452352243152145224231214204101101000
002203210411321443324121513532143525555543435326565562333545442656655231541453534343012044114233231
302230311433433404025332112343545455624252565525654334452543252455244133433521541301440221201001233
112013032223403412024233412135312531535644664646555553343353562513351254142525422331300411313303123
202231010120411220301124215325343521525424532335552326656452512251331232245523440024233223200031202
011203211123131241111424131352142442553414343125356656233332312134151455122540332442324042020310302
111213301023111113311140444141313415313451113432422424522544522412323253514213314213212133202223331
000233211012011144123312222245354234142221554232114112415352134111545313533340123112400220222311101
020110322200123034323214431320252142224143515333325243515553453135533334303321202444412322120131020
212100322111312332121213322210134515513555552245153123543253213453412342103141302224121300100301021
012222011131320223314434023203204242422214333553453521411121253534102241322012401302102303122022201