-9241
-6599
-1248
-241
3560
-6732
-9014
1644
6967
6048
4107
-6622
-3935
-4749
2946
-3241
2215
5549
-2781
-9592
6260
7636
-7607
-8845
-9199
-4130
-2959
8680
-859
-4242
-9905
5148
-1642
-9888
-9718
9153
-5923
7741
-783
-3825
-131
-4612
40
-6080
6385
-9088
862
-5714
-1724
8502
-3243
8320
-8034
5483
-3876
-2568
3932
-1432
-3437
780
6390
-412
8489
-1297
9741
1347
-2677
-4884
-3353
3403
4344
-2763
-7548
7655
3697
-4243
6643
-4432
1092
2427
-4613
-3201
6311
-156
-7878
-6940
5010
-4253
-6472
-2012
5848
6059
-6307
-4805
6296
-499
9848
6603
6425
-7573
5016
436
1964
4855
8178
-7649
-5461
-6231
-1939
4125
-7489
5177
-9584
-3007
-5065
9521
650
1519
-1074
230
898
-3920
-4881
-4982
-7505
-9590
-5775
3824
-4432
4240
2833
-3906
-3744
2336
3030
-7535
7887
-3352
5501
-2555
-1107
6480
-8627
-3784
5764
8508
-6904
-2441
-6838
2337
8469
-5220
6994
-1119
1374
-2664
-9180
949
3312
-9127
9785
-3413
-4028
-7630
9771
-2993
6268
4361
9029
9452
6159
-1017
6055
5363
-8526
2969
-7006
2190
-3384
9127
-5036
-7523
-9388
-35
1894
573
6490
-3891
2871
8195
-8750
106
-9089
4567
469
-294
-9823
-88
5311
-4437
2219
-4794
4648
3322
-2773
-438
-7155
1739
-5540
-8008
5321
7350
3589
-7498
2224
-3602
6229
-4204
-3221
2654
4350
-8645
9731
-5543
983
-2799
5400
9414
6255
-7933
-8052
-9590
9031
4084
-8857
-4465
-5086
-3561
-4006
7996
-1552
-8736
5008
-7161
399
627
-4432
5181
7479
-2702
-476
-2703
6976
1594
-5714
-4204
3339
-6150
7109
6986
-68
8621
-2679
9147
4685
-9285
3711
-1724
1421
6194
235
8750
8972
2938
7425
7488
6659
-131
-1641
5447
48
-1722
-6515
3061
-226
-9875
-7607
-8205
-8964
2072
-7137
5282
9425
7245
-4899
7001
8179
5613
-492
8900
-7232
7636
1178
-1107
-9241
-7986
-9454
5809
580
-654
251
-952
-5707
-8553
-4300
6296
-565
17
-6284
-7694
-1642
5347
7555
7677
-2182
7531
-1601
-3456
-268
-3836
9557
-2838
-7668
-3584
8280
4529
4917
-9305
3700
4607
6863
-9713
-1913
3651
-8082
7212
8446
4618
8190
9462
9062
211
6041
6176
1321
4298
-635
-1240
9095
-7118
-4983
-1448
-3476
-9535
4277
-8631
-4313
2789
-399
-8819
5949
-2417
-7681
-9388
7832
1496
776
-7787
-6308
-2445
1774
-7337
-3345
4147
-8531
8615
4610
9455
4414
-9333
-654
-2775
-8896
-1698
-6702
-5739
-7536
5195
6810
-174
-1610
-4327
8395
5837
1595
-83
-9144
-6290
-3845
-1717
669
-7827
6446
6690
7723
-8340
-9914
-5858
-1039
4921
-2209
-6051
7519
5338
-5715
1615
-7241
962
2107
-5303
9525
-1780
-8472
-4713
-72
6528
-1552
-7191
-8444
-1236
6095
-5860
-1863
9095
-9164
-5826
-8376
-5517
-6977
-739
-74
-5002
-6435
-3167
-4130
7676
6465
2620
-9297
9995
6127
-9414
-9037
6702
976
-4199
-907
461
-6300
-8556
-2589
-7002
9108
8800
-6592
1882
1529
4382
7800
-3561
-7713
2663
-3325
8212
73
-1467
8784
3001
8525
7717
3204
9585
-629
-642
-3820
7583
-9483
5132
-8428
-6452
4386
6795
-7482
-82
-6333
-2627
-2085
1678
9957
1703
4619
-4740
-7087
-90
433
-1610
6224
-7245
9835
-7072
8202
-2409
-814
7784
8664
-3801
8634
-5860
4086
-1169
-1239
-787
-4740
5478
5462
4022
6749
-846
-1934
-8768
-5079
-3992
-4349
-3534
-1051
-4180
555
1088
-5986
7812
5409
-2857
-4046
-3105
2276
-3968
-7113
-6308
-9922
-99
7339
4047
-7921
-2213
-8750
-3161
-6913
-36
-5027
6390
541
864
-4629
1088
8454
5507
-392
-5738
4920
7849
-9618
7966
806
963
-8224
1110
-668
-5036
-6739
5259
-6088
4087
9766
-4711
-1727
-1317
-1017
-3556
-3876
3105
-188
-4604
6683
4016
4986
7252
-6165
6548
4506
4389
-1182
8740
-4068
4547
1054
-6501
565
8041
972
-3955
-9099
-7548
-7231
-7154
3851
2329
-3060
4919
1104
5406
-983
3000
8298
-3740
-8553
6895
8688
-5462
-7425
6413
7741
3508
2468
2833
5896
6833
1276
-1385
7934
5313
7812
1088
-7641
-8843
-9140
-8651
-1007
2928
-1787
-7224
-7107
3698
6778
-9652
6279
-9756
-7780
-2270
8831
6523
6076
-365
-1862
3761
-6520
9615
-9199
6702
-1821
-1809
-9953
5006
-3801
1786
2782
6145
-269
7260
-1430
8367
-3884
6762
-8522
5008
4634
1017
8450
-8723
-8630
2804
-9121
-2941
6019
-8466
2366
5347
6762
-5890
-8389
-1170
4707
8159
935
-1214
-1204
7696
549
-5329
7151
-7128
2081
-1895
-4042
-7345
1414
-1488
6838
-3157
9453
-8625
7805
2696
-7704
-8844
-7912
-7300
2216
9106
-2487
8736
7377
2209
5420
349
-8224
-4695
-5131
2744
-3230
-7677
-3891
3989
580
-5625
-2667
271
1756
-6956
-4293
-1724
-896
-6159
-3964
-3810
-3775
9025
-7250
1176
8201
-6443
6343
7762
-1731
-7166
8174
5467
4623
-4222
-510
4807
2802
4395
9037
-5923
4514
-4712
-2366
3029
1789
-1007
-616
6878
8178
5284
-9546
9053
-8134
-5491
7416
-522
-710
9251
-3043
-2745
3973
3052
8513
8643
7191
-1752
6224
4314
5117
-6352
-9364
-4445
3576
-865
1305
6327
-4543
185
-2084
8446
-7371
4658
4350
5980
5626
-9007
-4218
-178
5313
841
5662
-899
-8691
2136
-5883
2381
-1317
4851
5367
-4717
3723
-1997
3994
-9727
-3267
-9234
-4764
6021
9685
9406
3326
3265
6516
-8401
-2464
-3413
-6353
-5810
-1341
7192
5462
-2947
9848
3095
-1991
-4591
-9914
9267
-5441
7259
-4733
1208
-1916
-6435
8561
-6578
-9313
-6755
9112
-9176
-8533
-8407
6883
-8682
3851
-9207
-4300
374
-7254
-5079
-9987
-8232
6580
-16
2069
-9141
9260
2136
8803
-8445
-8775
-242
-7059
8211
8491
-9233
-7209
-1182
2429
9421
6733
7623
-9845
-7080
4383
3784
1846
2002
8301
9200
-5260
7461
-1430
7195
-5895
2526
2622
9725
-5597
220
4525
-8048
5307
5173
5079
3464
8124
-3884
-5981
2487
-4837
-7680
-1313
-6092
6076
-9375
-8227
1245
-3487
-4510
1111
2848
1710
-3157
-8970
-3091
-5826
6385
-6342
9386
-4923
-284
8736
-9683
8658
-3906
3201
-4200
-5107
-6989
6883
7900
8350
-2046
9946
2733
-1000
1374
-2955
4247
3781
9014
1568
9187
5118
-5718
-3920
9286
-345
-2902
-8311
2027
-5020
3871
-3391
6654
3807
-4867
-8732
6762
-2632
-4205
3950
8956
-78
6491
-3846
-3071
-7713
-2705
-4867
3030
-834
7819
8556
-6411
-1119
-9340
5373
-7236
-6159
-5855
-2947
6164
6076
8297
-3543
-6165
7976
-4321
-4168
2234
-8586
1939
-8443
6551
6441
-1440
-8272
4037
-8511
3850
-8298
-9959
-7129
8735
4176
5044
-8896
-9940
5629
-5210
-9029
2073
-8226
-2579
-2082
2627
-9129
-5886
6336
-7063
-6102
-8736
-6035
1586
-1742
3200
7778
-7662
6123
3103
-6162
-4764
-4008
153
-8472
8526
-1318
7047
1515
374
-817
-2146
-3807
-1756
6587
-2451
-763
6154
-6566
-2660
-4881
-7291
-1706
-6152
9630
5267
-5917
3909
-7841
879
-4653
6217
9585
9823
-3346
-7605
2285
1566
-7479
3724
-4042
-8165
-5105
-6302
6225
-356
410
-5379
284
-7196
-3613
-5144
-2529
-1190
9049
8838
4981
1245
-2780
-771
6762
-9858
3216
-9492
5671
7575
3625
-62
117
8421
-2504
7831
-5002
-3408
-554
-2270
9131
4487
3994
-6918
5719
9725
-755
-3997
-8396
-5335
-4368
8784
-2445
-8342
-4328
-8872
7620
333
7562
5406
8621
-1430
3443
2500
-3408
-7721
995
9264
9847
-226
5377
-5757
6363
4789
8812
295
9535
3570
-8586
-9131
4198
8780
8239
-1635
949
-166
8191
6177
5837
6551
407
-6452
8410
9892
-8018
-1230
8019
1151
-4553
-3483
-5754
5710
-3723
-5470
-8711
-2555
-9139
-6569
-2189
9897
5209
-8834
1086
7222
355
5909
-6332
7102
-783
4304
2509
4203
-3413
6614
5741
-6403
-6061
-6211
2820
6798
-8707
7574
4207
-4436
8476
4986
3863
-7910
-7545
-726
9479
-239
-5801
2276
5203
-7267
3246
7588
-3902
8655
-5819
115
5367
9957
-5318
-9304
-8324
1156
3250
-4486
-1097
-7816
8211
8178
-2361
5144
-8838
-7528
-2872
7192
-6187
-7280
42
-757
8595
8537
-6676
5256
-5129
-7191
278
9810
7741
-2867
8395
1170
6733
-2747
-3325
5426
110
-9753
709
888
7340
-3477
2139
-2346
8624
6872
-7184
-9029
-6433
3716
-4477
-3955
-7463
-268
-4954
5365
3473
771
-3106
-6014
-2747
4207
2361
3368
-88
-2346
-7651
407
-8701
-4377
6427
-3972
5221
-1563
-1599
8899
1166
-6213
1315
-6753
-3240
4880
2818
-7818
-717
-9363
-6672
-4185
-4495
-6917
-4046
9916
-6507
7622
8859
6403
-7426
4207
-6231
9655
-2055
6019
728
-9696
-2310
-642
-2907
-6821
-8811
5801
-923
-7746
2180
-9129
8124
2860
-7113
-9302
8422
-9749
-3355
8069
9781
-2016
8087
3576
842
6226
-6506
-5336
-7896
-7870
-8770
996
-9914
9565
-8224
5257
-1453
-4161
5841
-4349
4916
-7258
-1811
8899
-4563
-5165
9810
5386
-6232
9854
-7665
9451
5138
-2028
5690
-1780
-3272
-7893
6224
-3897
-6265
-1635
-3156
-8445
195
-5971
6037
2285
-9888
3969
-9062
-6788
7329
24
8491
2387
9448
-6906
-7680
7920
-6176
4525
3583
-8858
6887
995
2445
-6806
-3751
4132
-2451
-3081
-6152
-7605
792
5462
1575
4429
7206
813
-3352
-349
-992
-3279
-5860
5337
8488
-6137
1504
1138
-8296
-8165
-2776
3248
-7482
7156
9957
-4590
-1042
1575
-8756
1776
9981
3140
-718
-4368
-3532
6038
659
2467
3322
-2310
-762
-9564
-7367
-6829
-1194
9290
-2768
-4432
-5125
-188
1597
-7791
74
-5020
-6404
7214
1110
-9441
-3940
-6655
-994
-124
6396
-8896
-54
-8464
1590
5324
-8379
9747
9411
-5850
-1822
5764
5020
-6841
6859
1291
8623
-8210
4971
3510
-699
-8079
5047
-3079
4832
-6522
2271
5313
-1144
1374
9632
7976
-3872
-1773
7534
9984
-6838
-5923
1113
4558
-5051
1049
-8293
-1991
3945
-962
-8205
7378
9106
-7322
2130
3945
-5278
-8269
2057
2887
-3542
-356
552
1673
2047
-1493
-4432
-7291
4327
1659
-8743
-9241
-9696
7299
-5844
974
9648
5375
-9774
9525
1395
627
1656
-9813
3885
-7212
-4993
4124
-1457
5188
-9753
-5716
3943
-9418
-948
-3165
9933
-4716
7757
1296
-8575
4746
-3267
8658
1158
5041
8219
6577
6188
6595
-14
-9389
-7362
-7183
-2856
-2813
4258
-919
-4080
-570
-9229
8884
-7133
-4548
-9714
271
-3740
8926
-374
-8533
9544
-2082
-306
-7079
5500
-9986
-4647
-5699
-7126
-4923
-5969
-85
1996
-9457
3207
9034
-9649
-4749
8735
1151
-5247
-4236
9641
-5517
7624
-3007
-3876
9611
-9233
2021
8783
7948
7139
6435
-2160
6595
-1259
-5067
9081
-2874
-7451
8069
-5824
-6134
-8826
5762
776
1563
9848
-3762
-3673
-660
-3353
4983
-6633
5276
2952
-5370
-7872
6254
4027
9893
-8877
-4780
7844
4805
-4689
7383
-8297
-6165
6918
-57
7424
7778
7340
6951
-2219
8583
-8443
-2807
8124
8122
28
-8322
-4199
7192
586
2062
880
9766
8571
1793
-438
1185
-9824
3172
-8884
5104
7469
-3071
8485
-1334
542
3303
-1542
-9537
5768
8105
-5362
6806
-396
2425
4696
-8727
5807
1405
-4274
-2467
2343
-8533
-7063
-7072
-348
-5816
-376
-438
8995
2869
-7995
-817
-5114
-7570
9711
6315
5487
-3327
-1648
-7558
-5767
-4433
-7589
1457
-6742
384
4873
7692
-3177
9272
-9780
591
8969
-277
-7397
2837
8759
1096
8688
467
3989
1790
-9049
-7653
5377
-6146
8382
-7737
-8431
-9959
6359
-7729
5686
-1724
7520
3392
-7126
-4253
6733
-8483
-9483
-6348
-6498
9986
-5794
5532
-9367
4769
-3037
1608
7538
-9890
-1422
4826
-8595
3541
5445
6862
-3322
5113
7568
3624
-2351
-7728
7452
-5552
-676
-1000
-2514
-1784
178
3466
-2491
-2941
-5249
-4689
-9599
-6653
-4405
-7124
-4042
9961
-8820
-5376
976
-9162
6662
262
2162
309
-1573
-2827
3387
-863
2818
-3704
-9884
-5824
-2907
950
5218
-3067
-1549
5714
278
2271
7573
-457
9589
6847
-7154
-349
950
2806
4192
-2570
-5480
-9229
-8873
-5424
4791
-3951
1799
-9018
8256
-9367
5445
6981
-397
1888
-6352
7441
-5043
-9553
-3775
-7285
-1581
5026
7133
8346
-7740
-1021
724
-9740
-8877
-2118
-3259
-3961
-3158
-433
-2893
7890
-7511
9490
479
-7991
7704
1679
-2463
3508
8706
5854
-4422
-1881
-5062
1156
-7688
-9944
4511
8977
8846
-3060
-2539
-9798
-4365
7685
5777
-3839
8619
3183
1477
2234
2285
4464
-5593
4855
1493
-4525
-2116
-345
2784
3742
8916
5369
265
19
-8474
9879
-909
-9706
8324
-7900
8659
-8196
-397
8871
9944
700
-1344
6238
-2802
9741
4114
-6887
-3690
1408
-6284
-8769
-8787
-1793
-8829
6519
-4137
2195
3723
4664
-574
7196
-5713
-2160
57
-6137
-4512
-9693
8454
-3037
4096
1155
-2982
5483
4224
4224
1146
9879
3246
-5095
-9098
1931
-3832
1869
-8507
2437
3406
-463
-392
-821
9240
-44
3354
-2935
2967
7282
1346
8368
3948
-1108
2969
9231
-3305
-7791
-4490
623
-2773
3199
3264
-8920
-6175
7577
2468
6968
-2393
7876
211
-3793
-4668
3466
-1538
217
-1440
356
4524
3140
-3955
8707
3045
8318
-6313
4224
3116
-2773
7112
-8897
-8541
-4372
-1616
8408
7879
-1132
5264
-2229
-1696
-9162
-3944
-4981
-3738
-6320
1391
7110
-7881
-6330
6013
-7126
1887
8442
-3507
-9727
7412
646
-3523
5115
-9635
-3894
-2960
-3388
5181
-7269
4414
-5036
-7225
-282
7203
9811
2011
6106
7363
262
4500
-3928
-6088
-3839
-9870
5931
-2241
8629
1780
2591
-1105
7461
-265
-3839
-8653
-257
-4321
8107
-5753
-5230
-4562
2043
2272
-7350
7340
-4204
1505
-9242
-3704
-6134
-4229
-9703
-9400
3069
678
806
3498
2046
675
7049
353
-5070
-447
-4019
4804
1556
2764
-3352
-4660
6771
2827
-6685
-8473
-312
-6262
-6260
3349
215
-8187
1783
2216
1126
-5472
-8240
-3373
-2665
5533
-5154
-1852
-6566
9668
-7236
4124
-6661
560
8837
8487
-7451
-4794
-4968
7302
-553
5044
6108
-6165
-6003
-6035
6242
-6050
-2428
-7127
-4689
1605
1343
5762
1417
-5284
-9812
2358
-7791
-1122
-6342
601
-3374
-8575
-3613
-4502
-3272
7568
-2693
-9140
-2417
8674
-5396
-7218
24
-2286
4647
-8919
-4651
-3942
1861
208
-4267
-2799
5789
-1584
6654
-3649
-3775
3264
8861
-3572
-3330
2126
4863
-5206
6135
-8920
6154
-2110
-9386
-4432
259
-6284
-7071
2059
-7577
-2525
2623
8978
9766
-5736
-1094
9657
-5374
3769
-3899
-9457
6363
-2203
2513
7216
756
-4422
3878
-7033
-7851
-5906
-138
-5470
-7397
-899
3494
7263
2060
-9424
-8993
-6677
-983
9686
-3091
-1159
6808
-2674
-7991
4170
-4819
-5187
-124
-7441
4917
-8714
-9483
-2451
-21
617
-6978
-6673
5632
1530
5764
4478
8627
342
7769
-7258
-2827
3473
-3521
2108
9607
-4992
5146
3926
-2028
9780
7452
-570
5478
4412
8298
-9690
6532
-258
8487
5178
4057
7271
-300
-5540
-2617
2231
-5724
-7840
2081
8057
-3828
9910
-3652
-7014
5798
4298
6156
-6379
-894
-5482
6135
9694
722
-85
-9314
3373
6776
9263
-6818
110
-5030
1703
-5137
-2205
7948
-7411
-47
1332
3403
-2528
4082
-7341
7758
1921
5015
-9590
6142
-9101
8064
3909
1907
8525
-7870
9352
6997
-6315
9944
-7816
-9564
-736
552
4952
-451
-1648
-1385
5768
-8648
-1540
-3237
-1341
9429
-3495
-8618
2536
-703
8127
8375
7920
1428
-6926
-8214
-4125
7488
-9615
-328
-3828
-2441
5487
-1294
9933
-1953
987
-7120
-8544
211
7052
9956
-1537
164
-2591
1113
-7791
8942
4448
1471
-7272
8601
-109
-3609
7093
-7250
1705
-9079
4696
8064
-8042
-8736
-1817
1426
5462
7539
5593
433
-2857
-5193
8953
8664
-4868
6413
-2968
8568
-9896
-6664
738
-1196
-913
9766
2913
-6206
5401
7596
-2031
4806
666
3625
8090
-5090
-7771
-7204
8743
-31
-5977
-4043
1253
8302
-8298
-5405
-911
-3357
-4241
-4474
-2475
-6903
6329
5191
-8950
-938
4791
-5185
6396
-8717
269
4179
1228
8939
-8351
-3468
-8274
-8901
-2082
-660
-4113
-2177
-5114
1688
-5146
3784
-7860
-7933
-3979
734
215
858
2025
-6178
-3236
-1448
-5558
-3180
502
-703
3831
-7979
-8899
-7851
269
989
3964
99
-2581
-6760
-802
3579
9854
-2031
-7978
-2113
-1039
-9743
6151
-8607
-8391
265
-4712
-2076
-813
-204
5103
-9753
-268
6957
-7020
9829
-9900
-4328
8171
5928
-7764
1642
7075
-9840
6224
309
-4477
-4722
7464
-1201
-858
5839
-3509
244
-4070
5629
3344
1522
-3879
4221
-3833
-9095
3406
7086
5326
-9812
-5144
-5920
-1684
-2361
-6983
-4253
-1635
-6013
6833
-2797
-8467
6643
7014
-8271
6235
-3181
6766
-455
9245
5399
8764
-4130
-2527
-7436
4742
8655
1283
-4308
-2001
5033
-5215
8992
-2747
-7878
-3964
8260
6141
-3937
-4923
4785
8462
-783
-6990
5281
8216
9981
-2393
-3902
1777
7403
6997
2153
-8388
161
-3775
7347
1996
-4644
5570
-5373
2053
6127
-202
-3596
-9677
-4652
4529
1642
-4340
1882
4840
-7910
-6579
-4224
4221
-9535
-7232
1888
-861
-9837
5733
-3005
-4842
-1257
-7786
-9342
4037
-9050
2285
-8547
-853
4412
-2823
4712
262
9421
4286
353
6994
-8444
208
8149
6528
-5107
5535
-9677
9829
-4709
1602
3441
-3177
-9816
-5967
2645
-3909
-2947
-1892
-5147
1367
6076
3123
-3201
7086
806
3816
1555
-503
3825
7434
6975
1690
-6506
-5858
-6412
-8778
-2445
-4780
3571
1859
1586
-9231
9469
-4872
-6336
2168
1931
-7363
1545
5229
-5713
3813
-5597
-4274
-2512
-7110
-8233
2449
-5656
-7797
-2861
7558
-7102
1110
-1056
8373
9106
118
6570
9986
-7154
2649
-7833
-6881
-54
-5456
8414
-4792
9018
5884
-2439
-2506
7139
720
-2607
-6264
-3919
-9439
-4127
-1145
-5512
-4036
-6522
-1742
528
7181
-9093
1545
-6244
-1023
-6066
-2846
-7745
-3968
4583
-5000
-9101
-8970
-6578
-741
74
-5727
-4896
1790
3926
2712
-6815
4127
-1225
-2555
2741
-9563
-1544
9083
-7655
8085
-7703
8491
-5164
-9441
-8425
-8991
8678
-3075
2690
3473
-5129
-6065
6019
-6217
-3284
-4313
9149
9453
-5194
3314
6410
-4528
399
5185
-4180
820
225
4677
-1442
-400
-1062
-1430
-3522
2512
-2310
-7708
4880
-8778
-5579
8703
4610
-6745
-8052
-8537
122
-7895
-2409
-1132
-3856
-7720
9720
-6131
-9243
-1453
-5623
4145
5767
-4206
8115
-9310
6850
8841
3216
-4226
5558
-1367
3990
-1704
3339
-3300
3743
-123
926
-329
6235
-6131
-1042
-707
3214
9991
3061
-4157
7414
-9135
17
-5271
7422
-195
-5488
-7857
-2731
1210
9596
-8580
2391
-6090
9224
-5165
5867
3442
6427
9142
-5542
8072
-6137
3928
-6989
8778
7877
-3589
6614
-236
386
-6714
-1311
2
1163
8208
8655
-7344
1876
-7276
536
-8666
-1028
-7386
7769
-6220
-2487
-6978
2551
6165
-3254
-3091
-8369
-8272
5619
-3764
-8970
7163
-71
-6498
-494
-3001
728
4360
-1222
-5458
550
4619
-3847
-8970
-9454
1000
1875
7639
-9965
-4844
-3810
8
1017
8888
-7118
-4090
-2665
122
809
-6334
-2294
6205
8837
73
6635
3177
5195
738
4353
5634
-7307
6727
1170
3715
-1240
3795
3417
8778
888
-4691
631
-2968
-4649
-5231
9323
-9772
-4536
-5074
4714
6913
5890
-7183
7425
-295
6274
3674
91
6393
3474
4192
4955
6727
6317
4791
4000
1798
-8970
-8895
6603
7221
-8877
5047
-7737
-6316
9616
-9285
-7215
8755
-1841
-306
5364
-9096
7900
6037
5658
4322
-1653
4383
-8053
-679
-1864
-4819
-8872
-5362
2047
-7036
1138
5269
9034
5699
3463
4221
-3981
8966
-5629
-6728
6022
-124
-1641
-9749
5118
-9131
8481
-7874
9810
-6076
-8426
-2769
-1854
-6501
-1069
8363
-9149
-8839
1180
8674
-4740
9067
6078
-4738
-8161
-7673
-7694
7489
-1892
9
1638
-833
7741
-4180
5927
-6080
8571
-1898
7683
5072
-18
-2383
8174
3904
-3742
356
8449
-110
2310
8561
8484
8911
-7577
-7203
4797
3298
-8928
-3114
-4085
1139
7029
9352
-6992
3784
-3079
-5046
-4303
-4791
-1383
-5385
-2768
-4837
1615
9816
-8241
-8780
1780
8860
6834
-1042
-8379
6156
6551
2463
-4546
5632
-3906
228
6004
-2361
9917
3845
-3845
5181
9557
1086
-5198
5092
-7107
4419
653
536
3181
-4316
5031
2353
-1576
8955
-1385
-2065
1505
-9335
-9235
7001
-1093
7990
880
-9582
-8787
-6786
-7293
-4021
-519
1770
904
6863
1693
3135
898
4696
2348
6071
-9955
-9554
9854
-6050
-2576
5571
-7273
-7441
-9765
-2857
-1991
6311
8219
-5138
-3523
5367
6601
65
8326
8711
8651
-629
3806
7473
1556
690
-3072
-1761
3049
-5896
-1442
2616
-3573
1151
-8877
5264
5406
-7047
207
2057
-7605
-6806
-1738
-5810
2052
-4076
-9219
-1453
-2555
-284
4900
-6785
-991
3994
-5546
3214
-1288
4312
1628
-2995
1208
-2504
-7204
-7357
-2846
6485
-6389
8916
7517
3237
-6051
349
-5162
6727
9424
-249
-4254
-9492
-5021
5686
4886
-820
3885
1418
5097
-4046
-9344
3077
-8592
7618
-7185
3345
-5886
9061
2353
91
8174
1335
1823
6539
8825
3711
4823
166
2282
-7386
-9982
-1455
8977
-9121
6057
1450
-772
6185
989
-2802
413
-8210
7725
-9145
-7194
-2191
-6529
-9492
4291
-6472
-6559
-4307
-6287
9974
8373
-8703
881
-2768
3806
-557
5126
2564
8736
-1288
-5597
-5548
-9335
-6141
6141
5720
-7573
6427
7847
271
5723
-8553
-2559
2117
9195
-8423
5375
-4766
4412
2551
-9144
8688
-8438
6396
-4779
-1365
8123
560
-237
-3941
-8575
2011
6224
-6577
-6665
3743
-3857
3074
-4258
-8438
499
-7740
-4303
2827
4103
2869
-1913
7162
4191
-1023
-1240
-8379
8619
1635
8868
-3105
-174
2611
2906
-2605
6659
1623
556
6004
-9667
7624
9811
5844
-220
-257
5047
9069
2272
2817
-7007
253
-8887
-46
2754
-1449
1337
-2913
-7397
-6982
-3755
2072
8374
4150
3828
-8409
456
-8920
7839
-5958
117
7161
-7362
5337
9648
-8493
-7505
-3483
-9635
3843
9090
2509
-2337
-379
8802
-1001
1291
-4673
5230
5089
-5451
-5131
7775
5906
7304
5631
-1147
-4232
5638
6155
7374
7440
5324
-8361
8611
-6152
5978
-8950
-3146
-3272
-5780
-690
5156
4786
-3165
6565
4126
1340
6734
4506
-6537
5901
1493
-2897
8888
9999
8435
-5107
5420
-6827
-8226
8484
4554
1575
-8903
-5713
4016
-9095
-4046
3882
-489
6205
9254
-9823
5936
-7566
-1935
-679
4975
7796
-7113
9994
-5362
-4576
5951
-951
-1047
-1454
8269
-3981
-8493
-2937
-167
1402
-6035
4331
2025
-1820
-1120
-9144
-6999
-5472
4200
-6637
-1094
-5050
8882
-7873
-1359
-5451
5994
9103
-7245
7920
9265
-1906
-6826
-7296
-7128
-3584
3531
4955
-2827
20
-4512
-7522
5284
7558
2545
8866
-4569
6697
-5162
2114
-1533
7538
-1937
-2747
6533
1970
5112
-9872
-1036
9434
7276
2529
5445
4807
-8837
8446
-9602
613
-4303
-8377
6722
58
2461
-9809
1736
-2925
5885
2551
-3309
-7713
8239
3428
8208
-4305
5774
2505
-6522
3743
-1120
-1836
-6333
-2721
6450
7951
-3914
2020
8442
-8770
-7416
5411
8661
-2495
-3972
7004
1882
-6141
-2671
6718
5549
6410
6996
-5843
1635
5634
-1023
8005
-2270
-1332
-4050
-5165
-1877
-1706
3852
-4892
-6722
-6736
-3512
-970
9174
-1377
-5288
-9555
-6196
-3157
-8665
6901
3706
6802
6643
-9547
9323
-8059
643
-9231
-2581
-6079
-3775
-1578
-9567
-6149
-3143
6883
7498
5634
-1912
3565
-6493
-8780
6721
-6787
-9655
5881
-9420
2437
2789
-5086
796
-990
3314
-4766
-9420
3552
-8074
724
-5288
-6940
5445
-6838
3741
-2349
-4019
995
3428
2850
8454
797
-9356
-1696
-6840
-9991
-9266
1261
-9411
4710
4499
-4977
-9335
3972
-7126
5588
5759
8201
3373
-1384
-1024
8666
-2290
-8121
-6071
4016
-124
2906
9652
5048
-1444
8
-7619
-1553
8874
5662
-8614
989
3850
3882
-5367
-8205
4646
9956
7966
-5835
-8717
-4510
1402
-239
9725
-668
-2209
-4982
-4768
4389
8426
4012
-4712
6746
2868
-2600
-9366
-8553
-4483
1405
3537
-5476
-6650
9817
-3831
-2841
-1538
-2211
-6614
-7131
-6778
6390
8397
5830
-6162
-2310
5841
-4843
1592
-5846
5326
-5777
5878
5311
-8396
-3550
-8126
5693
2940
-1696
-8553
-4834
-7746
6741
-1616
527
7929
7061
-2881
573
-4255
-2807
-8493
-2409
5017
-1887
789
6880
958
-5977
5156
-6716
5929
6900
9251
-2261
1411
-6389
-6941
-9236
9259
5678
2621
-1269
433
-9083
4506
234
27
-7818
2463
9246
-7194
-9007
2463
-522
3466
-1724
-7426
9147
-7184
7908
-6009
471
-9590
6134
-8999
6298
6127
-3518
3888
-493
2583
7299
8346
9276
-6746
9480
-6998
8565
-9385
-7355
2481
-376
-7947
-2683
-5969
-6503
-1138
8926
1912
6804
792
-6541
4427
-244
-25
-791
-3476
-2393
-8400
-9586
-3888
6094
4831
-7718
4207
-8683
8044
-8896
7820
1894
-8920
-9400
-8401
1046
4455
3239
9907
14
5221
-983
2859
-5713
-4752
608
159
-6308
-813
-8884
-3153
-1635
796
8695
6201
-5290
-1128
-8383
9246
-2150
-9170
6968
-3740
7555
5401
-5513
3383
-9132
-8625
-7536
422
2639
-212
8962
2479
-5920
-2309
9231
-5292
-4253
-9683
2681
3578
-3297
-8876
-4253
-1309
-6685
-4722
6880
1486
-6011
-156
8426
724
9263
9005
8226
8085
-5094
-5129
1808
4027
-5644
-5002
2086
6883
9681
8372
-7933
-7747
3584
-9353
1455
-6284
-1982
-4182
1637
-2514
3852
-2509
-8834
6892
2972
9929
2112
-5046
4886
5145
6196
8818
-5736
3207
-2893
3969
-6890
3483
-8964
217
-6531
8238
-9389
9685
-9777
7853
1589
-8890
5726
-3597
7298
1176
-4173
942
2337
-9115
-6257
8363
6551
-3957
4818
2994
-7120
669
4325
2215
1970
8659
-6666
-4193
8788
-1888
-6566
6633
-8334
8921
7276
1722
7191
-8736
-2209
-5923
-2029
5071
1688
-6691
5958
3181
8731
-1699
-3307
3806
5012
-5021
-9953
6216
-6818
7019
-167
-2115
8583
4039
-9367
-1354
9596
6176
7282
-4476
4318
-8370
-7107
8972
5355
5191
3230
2427
-8967
2805
4240
-2366
6851
8585
-1471
6929
6413
-3476
-8272
9845
8489
-6534
2000
1276
7636
-9303
8161
-3784
1888
3417
1652
-5105
4683
9081
-7817
-2754
7853
1292
555
3482
-6602
8623
-5317
3
3330
-8
5276
1400
-2270
-6569
-4971
8325
-1745
-5331
-7436
-2125
220
7799
-3108
-7695
-3570
-5623
-6714
-8085
-240
-1258
7340
-7079
-1506
-2314
9401
-8796
-6385
-1916
3483
705
-8964
6305
950
1835
-1686
-3546
-1188
5062
-1042
-8201
3651
8711
407
-7686
5678
1333
-1736
-3943
3158
-2868
-8776
528
2833
-4706
-8473
6609
-2290
-4983
8824
1726
-9164
-3928
6311
-2140
1088
-8586
-9564
-2605
-4578
2815
3897
-783
-4844
-4613
4221
7612
-8901
2742
-9543
508
-4401
9317
-7737
5827
-3678
6223
8453
8584
1281
66
-3609
27
-3309
-4085
2282
-2930
-6498
6996
1170
2220
-4199
-6242
4174
8424
8342
-7671
2268
279
3885
-3602
-6279
-5860
-8887
-3487
-5348
-9848
2485
-5072
-178
-815
1656
631
8326
5759
-2451
8466
5254
4016
-5623
-865
2154
-1564
-5362
-1879
-5379
-9236
-9584
4016
3159
6642
-2815
-6152
42
-3001
-2838
9329
-7489
5462
9409
3420
5672
6425
1369
3376
8619
-3353
-5967
-6240
2692
6570
682
7151
-1643
6644
689
-7063
7186
5299
-1160
-5540
-3668
-3666
-7034
7665
1649
1150
1470
-7191
9594
6413
1894
-4326
-5129
6304
-5908
-8816
5662
4112
-1696
-4043
2535
3681
4389
7058
3677
1398
-1358
-2506
-7570
2211
-8205
-4035
7622
950
5715
2299
-7022
6519
40
5230
8023
4630
-6838
4570
-9649
-9101
-3840
7966
6692
-6132
-192
-291
-3352
-9041
9712
3044
-686
312
-599
-9396
2712
372
-1492
31
1941
-5335
-184
4208
-3019
86
9845
4054
-9317
-7047
-1381
9585
-7704
-8855
-6038
-6361
898
2231
8015
-9945
-6472
6359
-5396
-6316
-7291
-7107
9885
5264
-7497
7352
-5474
1212
-5481
-4181
-8122
5279
-1537
-6299
9029
-3589
-174
9305
8826
-9522
734
-7501
627
-3775
6919
-5598
3214
-9032
6820
8506
6427
4583
7781
-6132
-3374
3062
-2050
-1017
6957
-32
9557
9908
5173
-1279
-1460
-3105
1082
6979
-8334
8586
-7922
-7442
-626
7722
-7818
-5529
4093
8888
4798
-7051
7626
208
-3119
-1269
-3487
6817
-2417
-2857
2260
2053
6447
4057
-6165
5295
9155
-8544
9846
-4477
265
6067
279
-7285
-514
1617
76
4815
-7679
-1910
-7440
-3851
-8553
349
-4511
-664
-3691
3428
-6589
-2925
5927
-5714
-9615
479
265
2789
4643
1202
6643
6026
9322
4258
-2110
-7388
3742
-1039
4121
3994
8453
1254
1725
-6577
-2633
-3589
0
-3203
-2118
1126
14
3824
-4109
-7341
1726
-5042
-9637
-2925
2848
7006
-1285
-2116
-351
-430
-2441
-1738
-4612
4454
9837
8398
6120
-785
-4031
-4054
-9626
-1017
5375
-9664
-3337
8870
-9864
-4215
-7371
-9602
4823
6771
1185
8921
1140
-2605
-4217
4389
9139
-8950
6184
6047
5079
5686
-3345
9578
801
-2257
-7115
1566
-2109
-4437
-2361
-1684
7282
552
5774
2551
-6644
-8447
-4309
-7854
2057
1973
-8504
6422
-8506
-3156
5923
9033
-6975
2869
-6259
-6300
-1533
9079
4755
-150
-252
9440
5520
-2078
-5033
-4551
-8890
9582
7958
7507
278
225
-3480
-1470
-402
-7600
-6685
-7293
7665
-2785
1843
8374
1318
9224
-6665
9585
7990
-4297
6227
4342
413
3738
974
-6177
1054
8338
-6176
-5759
-2074
2240
-7126
-5591
8583
-9074
9137
-6633
2729
-5300
4528
3816
-5682
3655
-1096
2190
5891
-8228
9146
-2763
-4046
9267
-1269
-9827
-9889
-5062
-1194
5520
4952
1619
3408
8759
-5173
-6071
3370
-8573
-9890
7951
-1122
9766
-2773
-7764
879
4711
6948
848
-1664
4975
4552
-1544
8802
6205
-5610
1983
-9411
5388
-9272
-5491
9153
700
-938
4175
9470
-6071
4149
3265
-3955
2307
9654
4798
8326
-2109
-4882
3691
-9751
-3957
9347
-7633
999
2170
-3742
7900
-9930
-8277
-6545
-9150
-6749
2108
4414
2190
8020
-4419
5958
-9003
3370
8591
-2327
3699
5337
254
4314
847
117
6976
7884
-3408
8995
-2795
4205
8666
5903
-6633
6289
-2663
-7250
6334
394
-4444
3406
-3798
-6176
4552
353
8595
-1543
-2819
-3079
-3408
-755
9853
6775
6011
6530
295
-4752
-1347
1709
7001
-2525
2050
-3778
1882
-9309
8930
-7172
-4090
5758
5647
3524
796
5848
-3965
-1525
792
2405
-9193
6067
-7522
5038
8674
-9954
5595
6860
7189
9532
3824
1757
-2653
2231
1158
104
-7544
4819
8336
-9649
4629
-850
-4969
3986
6726
8757
-343
9535
-1724
1962
-1077
-6761
-8435
-190
9463
526
40
-1629
8446
-975
-1220
8624
7510
-1023
5360
1595
3524
4607
2169
356
-3951
9816
8585
-5282
-1664
-6957
-9367
8825
-457
8913
4360
659
-7191
-4228
-3476
-8779
6327
4611
-9545
-1916
-5187
-3523
4917
9423
4126
6011
-419
-6506
-3998
9582
2268
-6009
7778
-5718
4087
-2284
7129
-1770
-504
-2470
1616
-3122
750
-4689
4499
-1724
-2083
-8389
-3749
-908
7455
7059
-3592
3172
3576
-7035
-869
-5458
6728
-2864
-1011
3237
-9718
-9131
-6595
2551
711
4646
-8012
9720
-3798
-8493
3699
65
-9457
-492
-6821
1635
-9712
-2719
6387
2285
-5830
-7734
9593
-268
-9971
-109
5424
8775
7873
6868
-8121
2336
7242
1809
9962
-2553
6798
7299
-8438
-3272
9591
1050
801
-4675
-9149
-7268
9525
826
4700
-4387
6430
-1686
-5716
9817
-1885
3531
-7077
6798
2145
-1811
2470
6194
8462
-9177
-5042
-2306
577
1199
-9215
3350
-439
7860
738
4225
1017